fx:951.768
fy:951.183
cx:337.419
cy:230.306
k1:0.595691
k2:-13.0072
p1:-0.00153996
p2:0.00354194
p3:70.5533
